%% Question 1
CubicTaxicabNum(36032)

%% Question 2
tic
[a, b] = RatAppCat(2018);
toc
a,b
%109/119
%8.753109
%87428/95449 **
G = 0.915965594177219;


%% Question 3
SumPF

%-1.644934066848226